 A = [10 20 30; 40 50 60; 70 80 90];
 sub_A=A(:,[2 3])